#ifndef _INV_H_AND_H_H_
#define _INV_H_AND_H_H_

#define L_size 16

//3f
const double H[16][16] = {{0.250, 0.250, 0.250, 0.250, 0.250, 0.250, 0.250, 0.250, 0.250, 0.250, 0.250, 0.250, 0.250, 0.250, 0.250, 0.250},
{0.352, 0.338, 0.312, 0.273, 0.224, 0.167, 0.103, 0.035, -0.035, -0.103, -0.167, -0.224, -0.273, -0.312, -0.338, -0.352},
{0.347, 0.294, 0.196, 0.069, -0.069, -0.196, -0.294, -0.347, -0.347, -0.294, -0.196, -0.069, 0.069, 0.196, 0.294, 0.347},
{0.338, 0.224, 0.035, -0.167, -0.312, -0.352, -0.273, -0.103, 0.103, 0.273, 0.352, 0.312, 0.167, -0.035, -0.224, -0.338},
{0.327, 0.135, -0.135, -0.327, -0.327, -0.135, 0.135, 0.327, 0.327, 0.135, -0.135, -0.327, -0.327, -0.135, 0.135, 0.327},
{0.312, 0.035, -0.273, -0.338, -0.103, 0.224, 0.352, 0.167, -0.167, -0.352, -0.224, 0.103, 0.338, 0.273, -0.035, -0.312},
{0.294, -0.069, -0.347, -0.196, 0.196, 0.347, 0.069, -0.294, -0.294, 0.069, 0.347, 0.196, -0.196, -0.347, -0.069, 0.294},
{0.273, -0.167, -0.338, 0.035, 0.352, 0.103, -0.312, -0.224, 0.224, 0.312, -0.103, -0.352, -0.035, 0.338, 0.167, -0.273},
{0.250, -0.250, -0.250, 0.250, 0.250, -0.250, -0.250, 0.250, 0.250, -0.250, -0.250, 0.250, 0.250, -0.250, -0.250, 0.250},
{0.224, -0.312, -0.103, 0.352, -0.035, -0.338, 0.167, 0.273, -0.273, -0.167, 0.338, 0.035, -0.352, 0.103, 0.312, -0.224},
{0.196, -0.347, 0.069, 0.294, -0.294, -0.069, 0.347, -0.196, -0.196, 0.347, -0.069, -0.294, 0.294, 0.069, -0.347, 0.196},
{0.167, -0.352, 0.224, 0.103, -0.338, 0.273, 0.035, -0.312, 0.312, -0.035, -0.273, 0.338, -0.103, -0.224, 0.352, -0.167},
{0.135, -0.327, 0.327, -0.135, -0.135, 0.327, -0.327, 0.135, 0.135, -0.327, 0.327, -0.135, -0.135, 0.327, -0.327, 0.135},
{0.103, -0.273, 0.352, -0.312, 0.167, 0.035, -0.224, 0.338, -0.338, 0.224, -0.035, -0.167, 0.312, -0.352, 0.273, -0.103},
{0.069, -0.196, 0.294, -0.347, 0.347, -0.294, 0.196, -0.069, -0.069, 0.196, -0.294, 0.347, -0.347, 0.294, -0.196, 0.069},
{0.035, -0.103, 0.167, -0.224, 0.273, -0.312, 0.338, -0.352, 0.352, -0.338, 0.312, -0.273, 0.224, -0.167, 0.103, -0.035}};

//3f
const double inv_H[16][16] = {{0.250, 0.352, 0.347, 0.338, 0.327, 0.312, 0.294, 0.273, 0.250, 0.224, 0.196, 0.167, 0.135, 0.103, 0.069, 0.035},
{0.250, 0.338, 0.294, 0.224, 0.135, 0.035, -0.069, -0.167, -0.250, -0.312, -0.347, -0.352, -0.327, -0.273, -0.196, -0.103},
{0.250, 0.312, 0.196, 0.035, -0.135, -0.273, -0.347, -0.338, -0.250, -0.103, 0.069, 0.224, 0.327, 0.352, 0.294, 0.167},
{0.250, 0.273, 0.069, -0.167, -0.327, -0.338, -0.196, 0.035, 0.250, 0.352, 0.294, 0.103, -0.135, -0.312, -0.347, -0.224},
{0.250, 0.224, -0.069, -0.312, -0.327, -0.103, 0.196, 0.352, 0.250, -0.035, -0.294, -0.338, -0.135, 0.167, 0.347, 0.273},
{0.250, 0.167, -0.196, -0.352, -0.135, 0.224, 0.347, 0.103, -0.250, -0.338, -0.069, 0.273, 0.327, 0.035, -0.294, -0.312},
{0.250, 0.103, -0.294, -0.273, 0.135, 0.352, 0.069, -0.312, -0.250, 0.167, 0.347, 0.035, -0.327, -0.224, 0.196, 0.338},
{0.250, 0.035, -0.347, -0.103, 0.327, 0.167, -0.294, -0.224, 0.250, 0.273, -0.196, -0.312, 0.135, 0.338, -0.069, -0.352},
{0.250, -0.035, -0.347, 0.103, 0.327, -0.167, -0.294, 0.224, 0.250, -0.273, -0.196, 0.312, 0.135, -0.338, -0.069, 0.352},
{0.250, -0.103, -0.294, 0.273, 0.135, -0.352, 0.069, 0.312, -0.250, -0.167, 0.347, -0.035, -0.327, 0.224, 0.196, -0.338},
{0.250, -0.167, -0.196, 0.352, -0.135, -0.224, 0.347, -0.103, -0.250, 0.338, -0.069, -0.273, 0.327, -0.035, -0.294, 0.312},
{0.250, -0.224, -0.069, 0.312, -0.327, 0.103, 0.196, -0.352, 0.250, 0.035, -0.294, 0.338, -0.135, -0.167, 0.347, -0.273},
{0.250, -0.273, 0.069, 0.167, -0.327, 0.338, -0.196, -0.035, 0.250, -0.352, 0.294, -0.103, -0.135, 0.312, -0.347, 0.224},
{0.250, -0.312, 0.196, -0.035, -0.135, 0.273, -0.347, 0.338, -0.250, 0.103, 0.069, -0.224, 0.327, -0.352, 0.294, -0.167},
{0.250, -0.338, 0.294, -0.224, 0.135, -0.035, -0.069, 0.167, -0.250, 0.312, -0.347, 0.352, -0.327, 0.273, -0.196, 0.103},
{0.250, -0.352, 0.347, -0.338, 0.327, -0.312, 0.294, -0.273, 0.250, -0.224, 0.196, -0.167, 0.135, -0.103, 0.069, -0.035}};



/*
//12f
const double H[16][16] = {{0.250000000000, 0.250000000000, 0.250000000000, 0.250000000000, 0.250000000000, 0.250000000000, 0.250000000000, 0.250000000000, 0.250000000000, 0.250000000000, 0.250000000000, 0.250000000000, 0.250000000000, 0.250000000000, 0.250000000000, 0.250000000000},
{0.351850928360, 0.338329494503, 0.311806247910, 0.273300462073, 0.224291892747, 0.166663911767, 0.102631130124, 0.034654291707, -0.034654291707, -0.102631130124, -0.166663911767, -0.224291892747, -0.273300462073, -0.311806247910, -0.338329494503, -0.351850928360},
{0.346759955396, 0.293968895574, 0.196423736235, 0.068974843640, -0.068974843640, -0.196423736235, -0.293968895574, -0.346759955396, -0.346759955396, -0.293968895574, -0.196423736235, -0.068974843640, 0.068974843640, 0.196423736235, 0.293968895574, 0.346759955396},
{0.338329494503, 0.224291892747, 0.034654291707, -0.166663911767, -0.311806247910, -0.351850928360, -0.273300462073, -0.102631130124, 0.102631130124, 0.273300462073, 0.351850928360, 0.311806247910, 0.166663911767, -0.034654291707, -0.224291892747, -0.338329494503},
{0.166663911767, -0.351850928360, 0.224291892747, 0.102631130124, -0.338329494503, 0.273300462073, 0.034654291707, -0.311806247910, 0.311806247910, -0.034654291707, -0.273300462073, 0.338329494503, -0.102631130124, -0.224291892747, 0.351850928360, -0.166663911767},
{0.135299022721, -0.326640735629, 0.326640735629, -0.135299022721, -0.135299022721, 0.326640735629, -0.326640735629, 0.135299022721, 0.135299022721, -0.326640735629, 0.326640735629, -0.135299022721, -0.135299022721, 0.326640735629, -0.326640735629, 0.135299022721},
{0.102631130124, -0.273300462073, 0.351850928360, -0.311806247910, 0.166663911767, 0.034654291707, -0.224291892747, 0.338329494503, -0.338329494503, 0.224291892747, -0.034654291707, -0.166663911767, 0.311806247910, -0.351850928360, 0.273300462073, -0.102631130124},
{0.068974843640, -0.196423736235, 0.293968895574, -0.346759955396, 0.346759955396, -0.293968895574, 0.196423736235, -0.068974843640, -0.068974843640, 0.196423736235, -0.293968895574, 0.346759955396, -0.346759955396, 0.293968895574, -0.196423736235, 0.068974843640},
{0.034654291707, -0.102631130124, 0.166663911767, -0.224291892747, 0.273300462073, -0.311806247910, 0.338329494503, -0.351850928360, 0.351850928360, -0.338329494503, 0.311806247910, -0.273300462073, 0.224291892747, -0.166663911767, 0.102631130124, -0.034654291707}};

//12f
const double inv_H[16][16] = {{0.250000000000, 0.351850928360, 0.346759955396, 0.338329494503, 0.326640735629, 0.311806247910, 0.293968895574, 0.273300462073, 0.249999995721, 0.224291892747, 0.196423736235, 0.166663911767, 0.135299022721, 0.102631130124, 0.068974843640, 0.034654291707},
{0.250000000000, 0.338329494503, 0.293968895574, 0.224291892747, 0.135299022721, 0.034654291707, -0.068974843640, -0.166663911767, -0.249999995721, -0.311806247910, -0.346759955396, -0.351850928360, -0.326640735629, -0.273300462073, -0.196423736235, -0.102631130124},
{0.250000000000, 0.311806247910, 0.196423736235, 0.034654291707, -0.135299022721, -0.273300462073, -0.346759955396, -0.338329494503, -0.249999995721, -0.102631130124, 0.068974843640, 0.224291892747, 0.326640735629, 0.351850928360, 0.293968895574, 0.166663911767},
{0.250000000000, 0.273300462073, 0.068974843640, -0.166663911767, -0.326640735629, -0.338329494503, -0.196423736235, 0.034654291707, 0.249999995721, 0.351850928360, 0.293968895574, 0.102631130124, -0.135299022721, -0.311806247910, -0.346759955396, -0.224291892747},
{0.250000000000, 0.224291892747, -0.068974843640, -0.311806247910, -0.326640735629, -0.102631130124, 0.196423736235, 0.351850928360, 0.249999995721, -0.034654291707, -0.293968895574, -0.338329494503, -0.135299022721, 0.166663911767, 0.346759955396, 0.273300462073},
{0.250000000000, 0.166663911767, -0.196423736235, -0.351850928360, -0.135299022721, 0.224291892747, 0.346759955396, 0.102631130124, -0.249999995721, -0.338329494503, -0.068974843640, 0.273300462073, 0.326640735629, 0.034654291707, -0.293968895574, -0.311806247910},
{0.250000000000, 0.102631130124, -0.293968895574, -0.273300462073, 0.135299022721, 0.351850928360, 0.068974843640, -0.311806247910, -0.249999995721, 0.166663911767, 0.346759955396, 0.034654291707, -0.326640735629, -0.224291892747, 0.196423736235, 0.338329494503},
{0.250000000000, 0.034654291707, -0.346759955396, -0.102631130124, 0.326640735629, 0.166663911767, -0.293968895574, -0.224291892747, 0.249999995721, 0.273300462073, -0.196423736235, -0.311806247910, 0.135299022721, 0.338329494503, -0.068974843640, -0.351850928360},
{0.250000000000, -0.034654291707, -0.346759955396, 0.102631130124, 0.326640735629, -0.166663911767, -0.293968895574, 0.224291892747, 0.249999995721, -0.273300462073, -0.196423736235, 0.311806247910, 0.135299022721, -0.338329494503, -0.068974843640, 0.351850928360},
{0.250000000000, -0.102631130124, -0.293968895574, 0.273300462073, 0.135299022721, -0.351850928360, 0.068974843640, 0.311806247910, -0.249999995721, -0.166663911767, 0.346759955396, -0.034654291707, -0.326640735629, 0.224291892747, 0.196423736235, -0.338329494503},
{0.250000000000, -0.166663911767, -0.196423736235, 0.351850928360, -0.135299022721, -0.224291892747, 0.346759955396, -0.102631130124, -0.249999995721, 0.338329494503, -0.068974843640, -0.273300462073, 0.326640735629, -0.034654291707, -0.293968895574, 0.311806247910},
{0.250000000000, -0.224291892747, -0.068974843640, 0.311806247910, -0.326640735629, 0.102631130124, 0.196423736235, -0.351850928360, 0.249999995721, 0.034654291707, -0.293968895574, 0.338329494503, -0.135299022721, -0.166663911767, 0.346759955396, -0.273300462073},
{0.250000000000, -0.273300462073, 0.068974843640, 0.166663911767, -0.326640735629, 0.338329494503, -0.196423736235, -0.034654291707, 0.249999995721, -0.351850928360, 0.293968895574, -0.102631130124, -0.135299022721, 0.311806247910, -0.346759955396, 0.224291892747},
{0.250000000000, -0.311806247910, 0.196423736235, -0.034654291707, -0.135299022721, 0.273300462073, -0.346759955396, 0.338329494503, -0.249999995721, 0.102631130124, 0.068974843640, -0.224291892747, 0.326640735629, -0.351850928360, 0.293968895574, -0.166663911767},
{0.250000000000, -0.338329494503, 0.293968895574, -0.224291892747, 0.135299022721, -0.034654291707, -0.068974843640, 0.166663911767, -0.249999995721, 0.311806247910, -0.346759955396, 0.351850928360, -0.326640735629, 0.273300462073, -0.196423736235, 0.102631130124},
{0.250000000000, -0.351850928360, 0.346759955396, -0.338329494503, 0.326640735629, -0.311806247910, 0.293968895574, -0.273300462073, 0.249999995721, -0.224291892747, 0.196423736235, -0.166663911767, 0.135299022721, -0.102631130124, 0.068974843640, -0.034654291707}};
*/
/*
//12f
const double H[8][8] = {{0.353553384542, 0.353553384542, 0.353553384542, 0.353553384542, 0.353553384542, 0.353553384542, 0.353553384542, 0.353553384542},
{0.490392640202, 0.415734806151, 0.277785116510, 0.097545161008, -0.097545161008, -0.277785116510, -0.415734806151, -0.490392640202},
{0.461939766256, 0.191341716183, -0.191341716183, -0.461939766256, -0.461939766256, -0.191341716183, 0.191341716183, 0.461939766256},
{0.415734806151, -0.097545161008, -0.490392640202, -0.277785116510, 0.277785116510, 0.490392640202, 0.097545161008, -0.415734806151},
{0.353553390593, -0.353553390593, -0.353553390593, 0.353553390593, 0.353553390593, -0.353553390593, -0.353553390593, 0.353553390593},
{0.277785116510, -0.490392640202, 0.097545161008, 0.415734806151, -0.415734806151, -0.097545161008, 0.490392640202, -0.277785116510},
{0.191341716183, -0.461939766256, 0.461939766256, -0.191341716183, -0.191341716183, 0.461939766256, -0.461939766256, 0.191341716183},
{0.097545161008, -0.277785116510, 0.415734806151, -0.490392640202, 0.490392640202, -0.415734806151, 0.277785116510, -0.097545161008}};

//12f
const double inv_H[8][8] = {{0.353553384542, 0.490392640202, 0.461939766256, 0.415734806151, 0.353553390593, 0.277785116510, 0.191341716183, 0.097545161008},
{0.353553384542, 0.415734806151, 0.191341716183, -0.097545161008, -0.353553390593, -0.490392640202, -0.461939766256, -0.277785116510},
{0.353553384542, 0.277785116510, -0.191341716183, -0.490392640202, -0.353553390593, 0.097545161008, 0.461939766256, 0.415734806151},
{0.353553384542, 0.097545161008, -0.461939766256, -0.277785116510, 0.353553390593, 0.415734806151, -0.191341716183, -0.490392640202},
{0.353553384542, -0.097545161008, -0.461939766256, 0.277785116510, 0.353553390593, -0.415734806151, -0.191341716183, 0.490392640202},
{0.353553384542, -0.277785116510, -0.191341716183, 0.490392640202, -0.353553390593, -0.097545161008, 0.461939766256, -0.415734806151},
{0.353553384542, -0.415734806151, 0.191341716183, 0.097545161008, -0.353553390593, 0.490392640202, -0.461939766256, 0.277785116510},
{0.353553384542, -0.490392640202, 0.461939766256, -0.415734806151, 0.353553390593, -0.277785116510, 0.191341716183, -0.097545161008}};
*/

//3f
/*
const double H[8][8] = {{0.354, 0.354, 0.354, 0.354, 0.354, 0.354, 0.354, 0.354},
{0.490, 0.416, 0.278, 0.098, -0.098, -0.278, -0.416, -0.490},
{0.462, 0.191, -0.191, -0.462, -0.462, -0.191, 0.191, 0.462},
{0.416, -0.098, -0.490, -0.278, 0.278, 0.490, 0.098, -0.416},
{0.354, -0.354, -0.354, 0.354, 0.354, -0.354, -0.354, 0.354},
{0.278, -0.490, 0.098, 0.416, -0.416, -0.098, 0.490, -0.278},
{0.191, -0.462, 0.462, -0.191, -0.191, 0.462, -0.462, 0.191},
{0.098, -0.278, 0.416, -0.490, 0.490, -0.416, 0.278, -0.098}};


//3f

const double inv_H[8][8] = {{0.354, 0.490, 0.462, 0.416, 0.354, 0.278, 0.191, 0.098},
{0.354, 0.416, 0.191, -0.098, -0.354, -0.490, -0.462, -0.278},
{0.354, 0.278, -0.191, -0.490, -0.354, 0.098, 0.462, 0.416},
{0.354, 0.098, -0.462, -0.278, 0.354, 0.416, -0.191, -0.490},
{0.354, -0.098, -0.462, 0.278, 0.354, -0.416, -0.191, 0.490},
{0.354, -0.278, -0.191, 0.490, -0.354, -0.098, 0.462, -0.416},
{0.354, -0.416, 0.191, 0.098, -0.354, 0.490, -0.462, 0.278},
{0.354, -0.490, 0.462, -0.416, 0.354, -0.278, 0.191, -0.098}};
*/

#endif // _INV_H_AND_H_H_
